620,35
8,3
85,3
85,1
84,3
12,2
84,2
84,1
82,3
82,1
73,3
73,1
70,3
70,1
69,3
69,1
67,3
67,1
66,6
66,5
66,4
66,3
66,2
66,1
65,3
65,1
64,3
64,1
59,3
59,2
59,1
20,3
20,2
20,1
19,3
19,2
19,1
14,128
14,117
14,116
14,115
14,114
14,113
14,112
14,111
14,110
14,109
14,73
14,71
14,70
14,69
14,68
14,67
14,66
18,1
14,65
14,64
14,35
14,34
14,33
14,32
14,31
18,3
14,30
14,29
14,28
14,27
14,26
14,25
14,24
14,23
14,22
14,21
14,20
14,19
14,18
14,17
14,16
14,15
14,14
14,13
14,12
14,11
14,10
14,9
14,8
14,7
14,6
14,5
14,4
14,105
14,2
14,1
14,0
14,3
13,6
13,3
13,1
12,3
12,1
2,2
2,3
2,1
0,539
0,440
0,278
0,243
0,0
620,34
620,33
620,32
620,31
620,30
620,29
620,28
620,27
620,26
620,25
620,24
620,23
620,22
620,21
620,20
620,19
620,18
620,17
620,16
620,15
620,14
620,13
620,12
620,11
620,10
620,9
620,8
620,7
620,6
620,5
620,4
620,3
620,2
620,0
0,572
0,476
0,511
0,504
0,480
0,477
0,479
0,484
0,499
0,561
0,485
0,509
0,450
0,457
0,454
0,507
0,463
0,494
